100
5702 36257
38383 38370
44546 41670
11577 5910
45073 17648
15159 2721
3173 29037
46038 11143
14451 24770
32553 433
42028 25750
34324 7463
36393 10027
43383 37028
4849 19522
27340 2364
7149 39283
41564 12962
43423 27841
35644 37030
44515 34414
31045 37557
69 14709
34306 30801
33583 33210
39086 28375
16742 30889
13159 15534
45270 17475
29915 3166
41181 36714
33110 28126
18364 20898
5318 23928
24163 35032
22443 17025
14188 5123
19194 30699
16074 20301
39783 5253
25157 43661
35629 15499
4476 30454
21023 8097
14346 2425
44292 6020
34786 32941
24474 14204
44334 24393
23229 22544
23713 11873
13773 30625
8913 30997
49743 22825
46995 38442
10772 42848
47364 41808
601 43751
41137 20394
28832 7136
34913 13613
7819 33751
3621 22820
36546 16271
10690 44128
11606 931
7494 27614
11092 32052
14023 44145
47124 17389
9901 30767
15778 24602
17331 41178
8153 2054
14322 4233
15387 15556
42008 31290
11860 35527
20613 21733
22376 34174
9395 41737
4071 15368
18967 42075
29748 7216
16288 29481
19646 7906
24369 10821
19990 36434
25254 25833
16532 32188
39837 44410
35622 37785
15879 30320
5670 18303
18011 26411
39055 7049
31173 22836
934 31532
7708 6874
17428 22260
