10
26 15
44 57 79 99 60 3 80 95 84 93 48 16 46 36 31 51 77 23 74 99 60 52 93 15 32 90 
49 14
24 77 19 19 21 10 15 11 94 30 32 22 71 36 50 70 2 47 61 16 44 13 90 96 78 62 67 23 92 14 19 68 32 99 42 6 89 53 32 18 4 18 56 54 92 13 54 61 47 
12 1
24 16 50 71 91 54 27 0 16 75 16 31 
29 13
32 4 1 22 37 15 67 59 71 39 80 33 81 15 18 2 78 68 5 31 36 96 10 6 74 10 71 71 30 
47 12
75 26 75 5 9 83 14 41 23 97 9 31 12 92 8 87 13 13 16 47 14 57 12 82 31 90 10 88 50 15 49 10 55 36 42 52 72 52 36 40 68 88 67 13 32 55 58 
4 3
25 59 57 65 
10 3
85 37 61 45 17 47 63 16 95 60 
37 13
89 86 12 20 3 77 57 30 1 43 66 4 61 73 13 42 3 61 85 45 57 42 92 33 25 63 3 59 80 88 69 36 44 6 34 70 89 
35 7
22 72 49 14 55 77 2 24 4 40 43 39 11 15 67 63 89 39 3 84 34 92 79 86 50 5 45 98 55 53 2 74 90 13 76 
12 21
63 95 8 23 87 16 44 49 69 93 61 32 
