50
89
27 73 86 84 7 30 81 26 31 66 60 70 70 84 77 102 42 41 74 22 10 82 6 13 7 42 66 32 24 9 28 92 42 13 70 74 32 69 59 22 12 85 55 100 86 13 6 97 37 89 58 87 91 102 13 5 5 82 76 83 8 104 66 58 38 45 68 49 99 76 45 41 15 57 82 92 67 47 64 58 87 50 96 84 59 34 32 78 53 
22
51 74 75 16 45 80 10 19 8 56 65 36 47 95 15 87 54 10 67 99 75 28 
76
37 11 58 26 31 88 51 73 51 26 85 44 65 45 22 25 23 32 47 26 88 37 73 41 31 10 56 21 85 56 62 65 86 7 83 30 69 79 12 63 76 49 14 91 57 94 100 17 93 27 10 29 76 52 30 84 48 30 19 76 48 71 93 27 72 46 45 75 10 89 49 49 23 52 32 19 
53
41 64 43 21 32 19 11 52 45 17 48 69 89 21 97 96 70 79 59 6 93 50 37 38 58 43 101 90 61 42 86 30 18 33 38 62 98 48 15 20 50 49 34 94 17 87 45 68 26 35 34 94 63 
59
79 59 30 26 13 5 86 62 45 48 76 101 7 16 102 5 94 26 58 90 52 83 88 62 6 7 93 18 83 40 70 42 71 99 100 52 24 30 16 56 63 99 84 38 82 97 63 67 80 94 9 32 22 52 93 12 26 83 44 
22
81 98 100 47 66 42 68 96 11 20 13 6 57 28 5 7 52 87 51 27 100 64 
43
51 55 76 89 31 56 40 76 76 27 21 12 16 71 89 57 41 18 104 43 54 85 11 96 58 88 85 25 61 36 38 81 73 96 65 74 86 32 86 99 84 96 33 
75
48 101 16 53 93 61 7 12 8 24 103 56 81 93 56 94 69 87 101 79 56 77 67 60 15 80 82 21 74 27 36 56 89 79 19 5 33 49 77 81 35 64 49 6 38 25 79 21 80 23 41 17 101 52 101 59 100 5 69 27 102 31 89 53 76 62 64 49 85 75 69 17 28 14 36 
83
24 16 36 19 72 14 37 7 62 62 22 78 27 11 87 78 59 63 75 43 27 42 22 16 86 7 99 19 91 91 99 77 99 49 58 61 83 52 90 68 52 52 68 92 60 30 24 43 66 80 35 6 96 13 86 103 27 34 7 97 50 12 30 80 58 15 98 38 52 45 49 83 101 25 104 97 16 56 40 46 36 61 9 
32
38 74 76 66 46 56 71 32 99 37 66 94 53 5 25 87 31 67 15 35 100 25 84 27 54 43 33 30 56 87 67 70 
78
58 18 28 64 18 68 35 40 79 86 33 9 54 100 85 37 11 19 29 79 70 72 95 63 5 13 6 85 40 102 54 24 61 83 8 24 95 84 60 70 74 91 96 67 69 88 49 49 42 12 93 53 69 72 46 50 30 60 51 39 20 30 31 73 30 66 92 41 100 94 55 5 40 104 36 42 49 46 
40
73 14 66 77 8 104 38 65 72 78 74 57 98 13 80 26 52 16 68 48 6 92 9 46 71 41 7 43 8 69 7 40 45 79 102 49 14 84 48 41 
76
45 33 75 20 38 19 100 13 103 47 73 102 7 88 14 7 57 78 85 16 88 85 99 45 99 25 29 9 49 64 99 79 19 10 41 13 67 55 46 73 70 58 14 83 52 12 42 78 14 84 13 72 87 17 37 62 99 85 26 30 22 87 93 100 98 55 40 55 35 5 26 62 22 26 31 74 
30
38 21 19 72 65 61 80 88 87 55 65 42 25 10 37 104 92 88 30 48 55 75 43 20 69 30 14 58 95 41 
21
70 46 47 30 17 85 94 85 73 99 5 63 90 45 13 14 14 104 102 83 75 
18
61 54 94 101 31 97 15 63 73 72 82 55 59 58 38 47 44 71 
50
24 80 71 14 23 27 17 47 24 77 101 33 55 14 11 78 30 48 98 76 94 18 104 76 100 95 95 88 98 55 90 74 19 66 42 28 81 23 67 83 78 63 24 28 54 91 91 94 100 67 
80
49 58 9 34 17 46 28 38 42 56 69 40 96 44 62 90 56 10 34 17 53 27 11 59 5 52 87 18 26 69 49 67 19 86 104 71 18 72 60 58 12 85 99 8 18 60 57 11 25 52 32 84 54 5 75 99 35 39 30 72 14 45 68 65 7 20 103 8 40 19 102 102 62 35 20 54 81 8 88 89 
104
104 59 34 13 29 40 70 78 32 73 103 43 53 47 77 80 100 56 86 100 18 56 19 43 48 81 71 71 28 60 38 50 90 32 92 58 81 83 12 74 94 49 17 11 22 67 82 99 37 103 50 14 48 29 42 6 99 64 71 32 72 87 24 16 14 17 60 57 11 102 23 57 5 99 52 37 78 54 81 66 89 104 88 88 104 48 52 70 11 50 85 67 58 40 97 103 22 53 73 30 56 66 55 59 
94
13 63 104 30 65 65 78 24 75 51 91 52 88 25 45 94 76 56 67 47 92 64 31 95 10 33 95 65 23 99 34 73 89 96 65 7 56 8 78 24 21 11 17 23 9 89 11 51 52 24 39 71 15 22 40 43 24 14 36 67 58 91 62 34 55 14 18 52 28 84 11 31 9 82 82 93 13 49 32 96 59 62 61 63 73 21 43 97 53 26 63 103 57 28 
15
53 43 11 44 37 59 47 57 94 66 75 6 35 9 64 
18
83 27 9 9 46 87 67 89 90 33 102 29 15 89 57 16 75 10 
30
62 44 16 60 43 76 57 48 49 19 44 34 8 85 54 80 78 54 89 5 56 91 24 25 18 96 83 13 35 94 
83
51 39 41 42 17 83 94 85 88 43 96 93 22 74 86 67 34 74 103 102 7 69 51 70 10 32 101 92 37 30 45 6 45 45 83 55 44 45 81 82 96 10 44 103 58 24 90 11 76 102 16 40 84 83 6 67 32 72 66 75 69 21 15 51 60 100 48 7 60 63 81 32 92 43 101 40 95 95 89 74 70 12 32 
82
64 64 60 63 36 48 44 97 82 47 24 44 59 5 52 34 58 5 23 7 92 40 25 26 25 101 77 79 69 66 69 47 17 101 102 46 63 18 10 57 28 44 84 68 43 68 10 100 69 42 94 54 102 86 42 24 45 6 8 49 72 95 96 92 89 12 15 51 6 69 15 43 34 52 97 36 21 52 30 68 71 64 
53
33 54 31 73 87 103 40 49 78 75 34 52 101 82 15 33 86 28 77 100 36 31 90 98 80 17 88 54 79 66 72 81 28 19 48 15 82 56 26 28 82 89 87 37 83 14 25 67 38 71 5 62 45 
46
19 32 51 20 49 55 22 104 98 7 95 93 75 91 72 93 10 85 104 62 35 57 47 69 39 53 104 67 60 67 45 86 35 40 78 79 92 79 5 26 6 39 98 58 81 49 
82
74 99 64 102 71 74 31 51 77 31 10 92 48 90 91 25 63 88 55 49 94 7 12 50 83 83 26 92 76 60 85 53 90 97 18 5 21 88 80 26 63 77 27 29 11 71 44 39 88 21 40 98 35 69 66 51 42 85 62 57 70 11 43 9 100 87 94 91 55 83 56 26 47 51 76 30 20 97 104 99 12 41 
69
59 42 43 35 17 16 38 66 72 90 52 69 15 61 10 82 84 76 10 61 17 93 53 52 100 48 74 22 19 45 77 14 34 69 12 69 49 26 7 51 72 94 28 65 50 66 70 92 60 38 53 75 63 46 80 104 46 61 100 93 67 89 55 24 71 95 70 71 23 
84
81 68 94 35 97 25 38 63 27 17 84 61 37 57 22 27 38 80 31 71 37 26 11 15 101 66 34 25 78 57 78 95 29 11 78 69 82 35 79 97 73 11 92 20 47 65 93 45 59 51 54 88 47 5 66 27 46 63 44 23 64 68 22 60 48 9 84 54 19 15 65 60 25 104 88 80 21 71 97 46 67 100 30 83 
19
31 10 64 96 5 72 51 28 53 92 41 60 23 85 47 94 54 88 49 
7
93 43 99 26 83 65 38 
79
58 36 73 49 58 75 27 53 79 101 33 103 56 65 62 101 8 16 72 80 78 48 43 99 87 78 54 86 52 10 15 11 39 95 6 77 91 76 60 67 51 31 80 86 65 86 75 35 88 45 96 47 91 92 12 27 37 62 60 45 102 73 17 73 38 21 30 33 26 26 103 83 66 35 63 41 104 29 94 
85
61 95 45 6 103 61 91 99 38 42 62 21 14 46 104 81 55 90 6 19 23 78 92 7 92 49 80 76 44 38 98 77 10 6 42 76 64 36 56 94 43 88 102 8 68 58 77 42 38 5 82 15 20 28 87 81 100 40 59 96 52 63 16 47 73 28 16 43 39 40 95 32 78 5 51 41 59 60 21 67 61 81 46 16 83 
54
23 42 50 104 67 30 45 11 64 28 58 21 33 6 13 91 70 36 17 39 9 92 71 103 72 99 95 31 74 66 29 75 21 96 25 60 61 40 80 98 98 81 37 92 8 36 70 59 32 42 93 57 88 24 
97
45 48 63 66 62 9 104 36 44 79 45 100 58 84 84 83 94 72 8 13 51 83 44 98 31 5 91 34 98 78 47 99 77 32 82 36 88 15 87 8 70 8 67 85 81 50 31 68 96 20 13 54 5 11 104 58 30 69 80 57 71 91 23 63 94 66 68 83 90 78 96 45 43 89 54 79 70 80 39 36 9 45 66 104 95 23 82 44 58 45 101 100 103 67 42 98 55 
22
29 51 52 34 54 60 90 11 70 79 54 24 18 87 78 91 41 104 41 25 73 9 
69
23 63 61 46 15 97 37 43 72 59 61 84 21 90 26 56 72 5 59 13 99 37 35 27 74 72 88 63 68 95 68 102 54 50 32 31 31 51 92 73 54 18 16 46 7 31 52 6 101 94 27 14 104 43 14 30 11 7 39 75 70 57 86 91 15 29 11 86 10 
79
103 91 21 35 88 90 12 103 29 94 40 87 58 99 74 86 74 61 41 41 50 39 52 64 37 47 20 42 15 19 99 47 99 56 70 96 9 28 100 33 24 96 53 20 54 47 81 42 96 69 55 41 75 73 82 93 51 84 61 75 80 12 33 96 66 52 48 98 22 95 31 28 103 12 74 89 94 67 63 
33
76 82 66 47 46 54 65 50 9 48 38 57 77 81 35 95 82 49 12 12 81 88 68 62 96 50 24 34 63 17 81 68 99 
28
61 65 17 9 31 43 38 5 75 58 61 96 35 13 50 75 68 16 82 83 57 28 46 87 24 67 87 51 
22
9 31 79 41 30 23 98 39 21 87 102 104 9 38 15 8 7 82 93 10 91 102 
6
29 38 73 25 19 68 
82
57 17 84 43 52 42 14 41 76 55 55 86 57 8 8 82 101 39 79 81 38 85 98 84 80 85 64 87 92 71 85 98 82 52 70 21 19 66 39 61 32 60 47 53 22 24 93 17 79 29 28 32 59 35 89 67 68 98 46 86 81 58 71 67 59 38 66 91 93 87 88 63 87 31 24 11 70 84 101 93 16 60 
102
89 50 20 48 34 102 90 21 75 23 6 77 95 102 80 19 92 61 8 76 92 12 5 93 16 51 55 75 24 48 52 37 59 35 24 70 77 44 7 58 62 59 5 103 90 30 27 38 62 68 9 65 98 62 66 51 9 85 38 82 86 22 91 24 96 75 76 88 72 82 31 54 104 97 86 61 46 39 85 28 82 88 39 7 23 56 59 28 70 73 20 7 30 57 74 85 85 101 93 95 62 86 
91
12 28 62 40 88 39 88 20 59 45 38 36 35 91 76 7 79 59 91 7 31 103 28 28 22 95 74 93 32 55 32 18 49 47 60 76 74 13 66 8 94 45 61 47 91 19 87 29 11 46 53 33 78 9 77 29 11 30 51 57 78 86 22 6 20 70 33 20 57 9 103 40 39 11 16 19 22 37 85 54 22 89 63 73 89 101 7 70 6 81 20 
7
34 34 31 102 79 48 79 
51
96 44 17 61 92 52 49 61 79 52 27 11 69 16 75 77 74 95 29 82 79 99 35 57 43 17 56 84 48 56 9 80 9 63 30 47 97 9 95 47 12 44 31 104 46 48 81 35 99 12 65 
89
44 33 71 82 86 96 97 99 20 9 102 78 48 13 50 58 36 47 54 58 73 43 15 97 9 22 26 50 43 70 40 48 69 87 30 19 21 74 44 59 6 49 20 63 20 57 69 74 59 69 77 67 54 15 67 14 102 40 45 98 10 87 47 14 9 36 59 40 9 75 60 71 5 43 8 14 85 98 53 78 19 28 16 84 27 69 65 103 12 
7
33 97 87 60 51 40 62 
